
DET1 = [
    1    1    1    1    1    1    1    1    1    1    1  4.72474E+10 0.53209 
    2    2    1    1    1    1    1    1    1    1    1  1.70011E+10 0.44279 
    3    3    1    1    1    1    1    1    1    1    1  7.99903E+09 0.72966 
    4    4    1    1    1    1    1    1    1    1    1  4.80766E+09 0.50862 
    5    5    1    1    1    1    1    1    1    1    1  2.48313E+09 0.39237 
    6    6    1    1    1    1    1    1    1    1    1  2.34716E+09 0.56346 
    7    7    1    1    1    1    1    1    1    1    1  1.02499E+10 0.72844 
    8    8    1    1    1    1    1    1    1    1    1  9.51178E+08 0.41997 
    9    9    1    1    1    1    1    1    1    1    1  3.50208E+09 0.42839 
   10   10    1    1    1    1    1    1    1    1    1  1.58725E+09 0.56304 
   11   11    1    1    1    1    1    1    1    1    1  1.14752E+09 0.34836 
   12   12    1    1    1    1    1    1    1    1    1  5.18864E+09 0.48521 
   13   13    1    1    1    1    1    1    1    1    1  1.58947E+10 0.87220 
   14   14    1    1    1    1    1    1    1    1    1  4.91569E+09 0.42746 
   15   15    1    1    1    1    1    1    1    1    1  2.77309E+09 0.71268 
   16   16    1    1    1    1    1    1    1    1    1  8.40947E+09 0.54435 
   17   17    1    1    1    1    1    1    1    1    1  2.71756E+09 0.33980 
   18   18    1    1    1    1    1    1    1    1    1  1.65659E+09 0.30870 
   19   19    1    1    1    1    1    1    1    1    1  1.13355E+09 0.37187 
   20   20    1    1    1    1    1    1    1    1    1  1.13020E+09 0.71875 
   21   21    1    1    1    1    1    1    1    1    1  1.03118E+09 0.34183 
   22   22    1    1    1    1    1    1    1    1    1  7.23307E+08 0.13647 
   23   23    1    1    1    1    1    1    1    1    1  5.68290E+08 0.51585 
   24   24    1    1    1    1    1    1    1    1    1  9.16433E+08 0.77760 
   25   25    1    1    1    1    1    1    1    1    1  4.79296E+09 0.48484 
   26   26    1    1    1    1    1    1    1    1    1  5.11975E+09 0.81172 
   27   27    1    1    1    1    1    1    1    1    1  2.06115E+09 0.59397 
   28   28    1    1    1    1    1    1    1    1    1  9.72870E+08 0.49169 
   29   29    1    1    1    1    1    1    1    1    1  2.54199E+09 0.78721 
   30   30    1    1    1    1    1    1    1    1    1  6.07279E+09 0.60180 
];


DET1T = [
 0.00000E+00  1.00000E-02  5.00000E-03
 1.00000E-02  2.00000E-02  1.50000E-02
 2.00000E-02  3.00000E-02  2.50000E-02
 3.00000E-02  4.00000E-02  3.50000E-02
 4.00000E-02  5.00000E-02  4.50000E-02
 5.00000E-02  6.00000E-02  5.50000E-02
 6.00000E-02  7.00000E-02  6.50000E-02
 7.00000E-02  8.00000E-02  7.50000E-02
 8.00000E-02  9.00000E-02  8.50000E-02
 9.00000E-02  1.00000E-01  9.50000E-02
 1.00000E-01  1.10000E-01  1.05000E-01
 1.10000E-01  1.20000E-01  1.15000E-01
 1.20000E-01  1.30000E-01  1.25000E-01
 1.30000E-01  1.40000E-01  1.35000E-01
 1.40000E-01  1.50000E-01  1.45000E-01
 1.50000E-01  1.60000E-01  1.55000E-01
 1.60000E-01  1.70000E-01  1.65000E-01
 1.70000E-01  1.80000E-01  1.75000E-01
 1.80000E-01  1.90000E-01  1.85000E-01
 1.90000E-01  2.00000E-01  1.95000E-01
 2.00000E-01  2.10000E-01  2.05000E-01
 2.10000E-01  2.20000E-01  2.15000E-01
 2.20000E-01  2.30000E-01  2.25000E-01
 2.30000E-01  2.40000E-01  2.35000E-01
 2.40000E-01  2.50000E-01  2.45000E-01
 2.50000E-01  2.60000E-01  2.55000E-01
 2.60000E-01  2.70000E-01  2.65000E-01
 2.70000E-01  2.80000E-01  2.75000E-01
 2.80000E-01  2.90000E-01  2.85000E-01
 2.90000E-01  3.00000E-01  2.95000E-01
];
