
DET1 = [
    1    1    1    1    1    1    1    1    1    1    1  1.60477E+10 0.60444 
    2    2    1    1    1    1    1    1    1    1    1  7.01077E+09 0.83520 
    3    3    1    1    1    1    1    1    1    1    1  2.28444E+09 0.55949 
    4    4    1    1    1    1    1    1    1    1    1  8.03949E+09 0.94513 
    5    5    1    1    1    1    1    1    1    1    1  2.04317E+09 0.47740 
    6    6    1    1    1    1    1    1    1    1    1  5.06576E+09 0.69035 
    7    7    1    1    1    1    1    1    1    1    1  5.43455E+09 0.66560 
    8    8    1    1    1    1    1    1    1    1    1  9.75863E+09 0.76123 
    9    9    1    1    1    1    1    1    1    1    1  3.12892E+09 0.67055 
   10   10    1    1    1    1    1    1    1    1    1  8.58032E+08 0.13699 
   11   11    1    1    1    1    1    1    1    1    1  2.00639E+09 0.34759 
   12   12    1    1    1    1    1    1    1    1    1  2.64773E+09 0.44940 
   13   13    1    1    1    1    1    1    1    1    1  4.52981E+09 0.52771 
   14   14    1    1    1    1    1    1    1    1    1  8.72981E+09 0.61889 
   15   15    1    1    1    1    1    1    1    1    1  6.47969E+09 0.72382 
   16   16    1    1    1    1    1    1    1    1    1  3.25429E+09 0.47898 
   17   17    1    1    1    1    1    1    1    1    1  5.47196E+09 0.50485 
   18   18    1    1    1    1    1    1    1    1    1  1.60801E+09 0.69195 
   19   19    1    1    1    1    1    1    1    1    1  1.56889E+09 0.30711 
   20   20    1    1    1    1    1    1    1    1    1  3.21901E+09 0.46313 
   21   21    1    1    1    1    1    1    1    1    1  2.09025E+09 0.48973 
   22   22    1    1    1    1    1    1    1    1    1  3.85779E+09 0.39942 
   23   23    1    1    1    1    1    1    1    1    1  2.61392E+09 0.63424 
   24   24    1    1    1    1    1    1    1    1    1  2.96751E+09 0.78133 
   25   25    1    1    1    1    1    1    1    1    1  9.98661E+09 0.89793 
   26   26    1    1    1    1    1    1    1    1    1  1.40840E+09 0.37768 
   27   27    1    1    1    1    1    1    1    1    1  1.19783E+09 0.69999 
   28   28    1    1    1    1    1    1    1    1    1  2.55976E+09 0.60691 
   29   29    1    1    1    1    1    1    1    1    1  2.75819E+09 0.27174 
   30   30    1    1    1    1    1    1    1    1    1  5.98763E+09 0.51956 
];


DET1T = [
 0.00000E+00  1.00000E-02  5.00000E-03
 1.00000E-02  2.00000E-02  1.50000E-02
 2.00000E-02  3.00000E-02  2.50000E-02
 3.00000E-02  4.00000E-02  3.50000E-02
 4.00000E-02  5.00000E-02  4.50000E-02
 5.00000E-02  6.00000E-02  5.50000E-02
 6.00000E-02  7.00000E-02  6.50000E-02
 7.00000E-02  8.00000E-02  7.50000E-02
 8.00000E-02  9.00000E-02  8.50000E-02
 9.00000E-02  1.00000E-01  9.50000E-02
 1.00000E-01  1.10000E-01  1.05000E-01
 1.10000E-01  1.20000E-01  1.15000E-01
 1.20000E-01  1.30000E-01  1.25000E-01
 1.30000E-01  1.40000E-01  1.35000E-01
 1.40000E-01  1.50000E-01  1.45000E-01
 1.50000E-01  1.60000E-01  1.55000E-01
 1.60000E-01  1.70000E-01  1.65000E-01
 1.70000E-01  1.80000E-01  1.75000E-01
 1.80000E-01  1.90000E-01  1.85000E-01
 1.90000E-01  2.00000E-01  1.95000E-01
 2.00000E-01  2.10000E-01  2.05000E-01
 2.10000E-01  2.20000E-01  2.15000E-01
 2.20000E-01  2.30000E-01  2.25000E-01
 2.30000E-01  2.40000E-01  2.35000E-01
 2.40000E-01  2.50000E-01  2.45000E-01
 2.50000E-01  2.60000E-01  2.55000E-01
 2.60000E-01  2.70000E-01  2.65000E-01
 2.70000E-01  2.80000E-01  2.75000E-01
 2.80000E-01  2.90000E-01  2.85000E-01
 2.90000E-01  3.00000E-01  2.95000E-01
];
