
DETLiveNeutronDetector = [
    1    1    1    1    1    1    1    1    1    1  1.17953E+08 0.01705 
];


DETFileNeutronDetector = [
    1    1    1    1    1    1    1    1    1    1  4.12127E+13 0.01407 
];

