
DETLiveNeutronDetector = [
    1    1    1    1    1    1    1    1    1    1  1.24452E+08 0.02986 
];


DETFileNeutronDetector = [
    1    1    1    1    1    1    1    1    1    1  4.27062E+13 0.02571 
];

